person,block,visualise,trialNumber,nTrials,responseTimeMean,responseTimeMedian,stddev,stderr,lower,upper
1, coloured,no,1,55, 602.4063,562.4670,0.3199131,0.04313707,3.845997e+261,4.554566e+261
1, coloured,no,2,58, 561.3517,527.2585,0.3315022,0.04352837,5.687371e+243,6.745525e+243
1, coloured,no,3,56, 489.6887,477.6130,0.2627209,0.03510755,4.357349e+212,5.000237e+212
1, coloured,no,4,38, 553.2766,468.0450,0.3827672,0.06209304,1.706607e+240,2.176921e+240
1, coloured,no,5,25, 505.4392,451.6880,0.3261446,0.06522892,2.844126e+219,3.672796e+219
1, coloured,yes,3,59, 632.1312,592.1860,0.2710012,0.03528136,3.169854e+274,3.640018e+274
1, coloured,yes,4,44, 523.6772,508.6080,0.2735672,0.04124181,2.483160e+227,2.918879e+227
1, coloured,yes,5,26, 529.7160,494.7865,0.3137259,0.06152672,1.000798e+230,1.273772e+230
2, coloured,no,1,55, 704.3021,637.9960,0.3325352,0.04483904,6.860687e+305,8.179055e+305
2, coloured,no,2,59, 637.0326,621.5630,0.2740305,0.03567573,4.259561e+276,4.898921e+276
2, coloured,no,3,60, 637.2648,596.0980,0.3011824,0.03888247,5.339532e+276,6.218678e+276
2, coloured,no,4,39, 579.6949,593.5610,0.2632040,0.04214637,5.277528e+251,6.225611e+251
2, coloured,no,5,26, 659.5013,638.2360,0.3052584,0.05986609,2.327214e+286,2.942758e+286
2, coloured,yes,3,50, 704.0417,660.7585,0.3350492,0.04738311,5.261498e+305,6.335429e+305
2, coloured,yes,4,42, 576.8843,558.0510,0.3607303,0.05566190,3.092226e+250,3.846201e+250
2, coloured,yes,5,25, 595.7309,587.3420,0.3562129,0.07124259,4.592068e+258,6.071474e+258
3, coloured,no,1,57, 689.9274,650.9820,0.3004760,0.03979902,3.960626e+299,4.629339e+299
3, coloured,no,2,57, 608.4182,601.8800,0.2168435,0.02872162,1.615103e+264,1.807578e+264
3, coloured,no,3,59, 681.6101,631.3850,0.2791775,0.03634581,9.740363e+295,1.123186e+296
3, coloured,no,4,40, 640.2867,602.0620,0.2725669,0.04309662,1.087112e+278,1.287193e+278
3, coloured,no,5,27, 608.2500,586.4630,0.2072267,0.03988079,1.335585e+264,1.561586e+264
3, coloured,yes,3,57, 686.4533,644.0770,0.2609829,0.03456803,1.240116e+298,1.420077e+298
3, coloured,yes,4,45, 654.1466,640.2630,0.2413769,0.03598234,1.152420e+284,1.326992e+284
3, coloured,yes,5,25, 594.4270,571.0270,0.2432324,0.04864649,1.302986e+258,1.576730e+258
4, coloured,no,1,53, 889.6464,843.3330,0.3102555,0.04261687,          Inf,          Inf
4, coloured,no,2,56, 847.7238,823.0995,0.2717123,0.03630908,          Inf,          Inf
4, coloured,no,3,56, 830.8408,774.5435,0.2914815,0.03895085,          Inf,          Inf
4, coloured,no,4,40, 804.5565,698.7635,0.3181901,0.05031027,          Inf,          Inf
4, coloured,no,5,25, 825.1602,781.5210,0.2155661,0.04311323,          Inf,          Inf
4, coloured,yes,3,42,1078.4838,993.8080,0.3173512,0.04896835,          Inf,          Inf
4, coloured,yes,4,39, 897.0552,785.7630,0.3226729,0.05166901,          Inf,          Inf
4, coloured,yes,5,23, 878.3274,802.0340,0.3432649,0.07157568,          Inf,          Inf
5, coloured,no,1,56, 576.8856,533.6545,0.2405114,0.03213969,3.242485e+250,3.677848e+250
5, coloured,no,2,54, 554.5777,526.4975,0.2722054,0.03704246,6.584357e+240,7.613349e+240
5, coloured,no,3,58, 543.1485,524.2160,0.2165142,0.02842971,7.281218e+235,8.139613e+235
5, coloured,no,4,39, 526.1520,496.0590,0.2519631,0.04034639,2.955063e+228,3.461416e+228
5, coloured,no,5,27, 497.3178,481.1600,0.2316855,0.04458789,8.798907e+215,1.047941e+216
5, coloured,yes,3,56, 618.0995,562.2775,0.3018467,0.04033596,2.528571e+268,2.961724e+268
5, coloured,yes,4,42, 576.4537,531.1160,0.2529783,0.03903540,2.077064e+250,2.420500e+250
5, coloured,yes,5,26, 588.9183,550.9205,0.3196887,0.06269611,5.135546e+255,6.566329e+255
6, coloured,no,1,58, 541.4547,526.5765,0.2333585,0.03064147,1.332582e+235,1.502654e+235
6, coloured,no,2,59, 503.1697,496.6190,0.1915706,0.02494036,3.181264e+218,3.507995e+218
6, coloured,no,3,60, 530.2056,505.6980,0.2161186,0.02790079,1.744340e+230,1.945945e+230
6, coloured,no,4,41, 492.9110,477.2730,0.2121439,0.03313131,1.097247e+214,1.249419e+214
6, coloured,no,5,26, 504.6768,500.8480,0.2222213,0.04358118,1.384434e+219,1.642353e+219
6, coloured,yes,3,60, 546.1210,515.8450,0.2229088,0.02877740,1.421784e+237,1.591568e+237
6, coloured,yes,4,45, 500.0534,471.5080,0.2051708,0.03058505,1.394464e+217,1.572087e+217
6, coloured,yes,5,26, 508.8905,485.9570,0.1777961,0.03486868,9.520401e+220,1.091483e+221
7, coloured,no,1,52, 779.6161,775.8660,0.2681099,0.03718015,          Inf,          Inf
7, coloured,no,2,57, 743.0942,689.1920,0.3546841,0.04697906,          Inf,          Inf
7, coloured,no,3,57, 823.6126,762.4620,0.3480252,0.04609706,          Inf,          Inf
7, coloured,no,4,38, 748.8187,678.9430,0.3399655,0.05514968,          Inf,          Inf
7, coloured,no,5,27, 795.5577,715.5520,0.3481890,0.06700900,          Inf,          Inf
7, coloured,yes,3,59, 729.2951,669.0670,0.3026750,0.03940493,          Inf,          Inf
7, coloured,yes,4,45, 747.1506,703.6860,0.3282141,0.04892727,          Inf,          Inf
7, coloured,yes,5,24, 746.0914,765.3365,0.2949815,0.06021284,          Inf,          Inf
8, coloured,no,1,56, 541.4544,511.4470,0.2368986,0.03165691,1.329513e+235,1.505173e+235
8, coloured,no,2,56, 495.5911,487.2555,0.1913764,0.02557375,1.624393e+215,1.795679e+215
8, coloured,no,3,57, 498.3842,479.9410,0.2281362,0.03021738,2.629048e+216,2.959659e+216
8, coloured,no,4,39, 479.0956,470.1640,0.2286058,0.03660623,1.089989e+208,1.258178e+208
8, coloured,no,5,20, 464.5700,479.6265,0.2030008,0.04539237,5.267086e+201,6.292858e+201
8, coloured,yes,3,56, 464.6241,458.8460,0.1306131,0.01745391,5.872264e+201,6.288104e+201
8, coloured,yes,4,41, 476.0766,473.2090,0.1763677,0.02754400,5.419992e+206,6.037964e+206
8, coloured,yes,5,20, 466.8871,453.7880,0.2408230,0.05384965,5.255977e+202,6.491259e+202
9, coloured,no,1,58, 447.3692,431.0080,0.1646586,0.02162073,1.868784e+194,2.034075e+194
9, coloured,no,2,58, 443.7683,424.7620,0.1886453,0.02477034,5.070240e+192,5.587254e+192
9, coloured,no,3,60, 437.2061,418.6510,0.1814590,0.02342626,7.182412e+189,7.873213e+189
9, coloured,no,4,40, 436.9619,415.1980,0.2048649,0.03239198,5.527879e+189,6.276300e+189
9, coloured,no,5,27, 451.1342,426.4300,0.2557319,0.04921562,7.641771e+195,9.267880e+195
9, coloured,yes,3,58, 429.4254,410.4260,0.1515640,0.01990133,3.021028e+186,3.266145e+186
9, coloured,yes,4,44, 419.8183,420.6145,0.1652581,0.02491359,2.011787e+182,2.218175e+182
9, coloured,yes,5,26, 429.8458,429.7605,0.1576495,0.03091762,4.501543e+186,5.081555e+186
10, coloured,no,1,56, 781.6872,721.2440,0.3167188,0.04232333,          Inf,          Inf
10, coloured,no,2,54, 657.6685,619.5965,0.3215798,0.04376147,3.841792e+285,4.560736e+285
10, coloured,no,3,54, 728.5219,685.0715,0.3481910,0.04738280,          Inf,          Inf
10, coloured,no,4,38, 661.3072,602.5810,0.2639509,0.04281849,1.464204e+287,1.731798e+287
10, coloured,no,5,26, 639.5204,606.5965,0.2774517,0.05441275,4.941480e+277,6.116334e+277
10, coloured,yes,3,56, 767.0988,712.3930,0.2902173,0.03878192,          Inf,          Inf
10, coloured,yes,4,44, 613.2322,602.6610,0.2208376,0.03329253,1.972439e+266,2.247408e+266
10, coloured,yes,5,26, 668.3713,620.5420,0.3178605,0.06233757,1.647877e+290,2.104022e+290
11, coloured,no,1,57, 691.6189,681.7510,0.2561836,0.03393235,2.174594e+300,2.483967e+300
11, coloured,no,2,59, 656.0669,620.1910,0.2343386,0.03050828,7.948526e+284,8.958287e+284
11, coloured,no,3,60, 655.1534,625.7640,0.2366886,0.03055637,3.187679e+284,3.593311e+284
11, coloured,no,4,41, 608.0640,581.5250,0.1979967,0.03092189,1.128489e+264,1.273913e+264
11, coloured,no,5,27, 632.4603,627.1570,0.2163832,0.04164297,4.350643e+274,5.122097e+274
11, coloured,yes,3,58, 685.2898,614.9645,0.2649020,0.03478333,3.872353e+297,4.438041e+297
11, coloured,yes,4,42, 647.7658,577.4390,0.2995459,0.04622094,1.913299e+281,2.293354e+281
11, coloured,yes,5,26, 633.7158,573.6175,0.2795846,0.05483105,1.488008e+275,1.844809e+275
12, coloured,no,1,54, 770.4075,700.9445,0.2776907,0.03778891,          Inf,          Inf
12, coloured,no,2,58, 748.4773,713.9685,0.2766751,0.03632921,          Inf,          Inf
12, coloured,no,3,55, 737.6588,678.4690,0.3285457,0.04430109,          Inf,          Inf
12, coloured,no,4,41, 669.8919,620.1590,0.2915092,0.04552609,7.791196e+290,9.313422e+290
12, coloured,no,5,25, 748.0075,740.6160,0.3014863,0.06029726,          Inf,          Inf
12, coloured,yes,3,47, 758.4463,705.0990,0.3071261,0.04479894,          Inf,          Inf
12, coloured,yes,4,38, 722.2114,661.9225,0.2717880,0.04408984,          Inf,          Inf
12, coloured,yes,5,22, 748.9576,667.7250,0.3711980,0.07913967,          Inf,          Inf
13, coloured,no,1,57, 705.5132,698.2530,0.1856682,0.02459236,2.396366e+306,2.638883e+306
13, coloured,no,2,57, 702.4851,681.9880,0.2112581,0.02798182,1.152375e+305,1.285971e+305
13, coloured,no,3,58, 726.8801,700.0310,0.2554138,0.03353748,          Inf,          Inf
13, coloured,no,4,40, 652.7590,638.4545,0.1841546,0.02911741,2.916323e+283,3.268934e+283
13, coloured,no,5,27, 660.2474,624.3520,0.1932356,0.03718821,5.130581e+286,5.935770e+286
13, coloured,yes,3,59, 782.4888,737.5090,0.2379321,0.03097613,          Inf,          Inf
13, coloured,yes,4,45, 721.7920,684.3930,0.2384481,0.03554574,          Inf,          Inf
13, coloured,yes,5,25, 704.9174,621.3380,0.2826639,0.05653278,1.240603e+306,1.548375e+306
14, coloured,no,1,58, 611.6170,596.2775,0.2607068,0.03423248,3.915154e+265,4.477416e+265
14, coloured,no,2,60, 613.0984,616.2370,0.2785371,0.03595899,1.716469e+266,1.976304e+266
14, coloured,no,3,59, 648.0445,611.5080,0.2838410,0.03695295,2.574580e+281,2.975887e+281
14, coloured,no,4,39, 640.2579,604.5570,0.3079856,0.04931716,1.043499e+278,1.266052e+278
14, coloured,no,5,27, 628.6530,586.1070,0.2706538,0.05208736,9.466891e+272,1.161135e+273
14, coloured,yes,3,58, 641.3149,594.3110,0.2768597,0.03635346,3.080233e+278,3.552000e+278
14, coloured,yes,4,40, 650.8903,596.3730,0.3681568,0.05821071,4.251347e+282,5.341047e+282
14, coloured,yes,5,23, 612.2917,565.9730,0.3184477,0.06640095,7.217439e+265,9.363244e+265
15, coloured,no,1,52, 522.3621,484.2895,0.3302270,0.04579424,6.606859e+226,7.905999e+226
15, coloured,no,2,59, 478.2317,436.7780,0.3229920,0.04204998,4.545614e+207,5.360186e+207
15, coloured,no,3,57, 484.3837,457.9350,0.3094644,0.04098957,2.139330e+210,2.512232e+210
15, coloured,no,4,40, 464.0252,436.5490,0.3190992,0.05045401,3.024457e+201,3.685887e+201
15, coloured,no,5,27, 429.8327,405.1250,0.2786473,0.05362570,4.249367e+186,5.243466e+186
15, coloured,yes,3,54, 675.7593,591.1400,0.3537807,0.04814345,2.738855e+293,3.307730e+293
15, coloured,yes,4,43, 469.3630,439.1820,0.3333831,0.05084045,6.287450e+203,7.674093e+203
15, coloured,yes,5,23, 486.3313,441.3010,0.3297902,0.06876601,1.420646e+211,1.860182e+211
16, coloured,no,1,57, 661.6061,623.6040,0.2750004,0.03642469,1.999253e+287,2.306101e+287
16, coloured,no,2,59, 638.5951,562.2550,0.3313922,0.04314359,2.002545e+277,2.371545e+277
16, coloured,no,3,59, 683.8407,583.8060,0.3663513,0.04769487,8.864693e+296,1.068713e+297
16, coloured,no,4,41, 577.5051,511.5320,0.3283272,0.05127610,5.802699e+250,7.094540e+250
16, coloured,no,5,24, 633.3005,607.3965,0.2916991,0.05954282,9.733001e+274,1.229177e+275
16, coloured,yes,3,58, 671.5216,656.5215,0.2829349,0.03715118,4.040994e+291,4.674505e+291
16, coloured,yes,4,40, 554.4990,524.8495,0.2662001,0.04208993,6.025686e+240,7.106600e+240
16, coloured,yes,5,26, 628.3725,517.2840,0.3871578,0.07592790,6.824353e+272,9.190174e+272
17, coloured,no,1,51, 450.9072,432.7740,0.2863091,0.04009129,6.199722e+195,7.254792e+195
17, coloured,no,2,54, 466.6027,408.5265,0.2805662,0.03818022,4.078457e+202,4.736911e+202
17, coloured,no,3,50, 443.7920,422.2695,0.2714335,0.03838650,5.055135e+192,5.876020e+192
17, coloured,no,4,38, 456.8834,427.4980,0.3971020,0.06441845,2.328767e+198,2.997741e+198
17, coloured,no,5,26, 420.9924,392.6335,0.2564076,0.05028567,6.192493e+182,7.541775e+182
17, coloured,yes,3,54, 592.3058,479.9090,0.4164506,0.05667174,1.537854e+257,1.920415e+257
17, coloured,yes,4,37, 459.4951,435.3880,0.2611742,0.04293677,3.308668e+199,3.915166e+199
17, coloured,yes,5,25, 435.8127,393.9720,0.3503557,0.07007114,1.627098e+189,2.141436e+189
18, coloured,no,1,56, 429.8730,413.5095,0.2965272,0.03962511,4.547343e+186,5.311497e+186
18, coloured,no,2,52, 436.5518,415.9540,0.2401801,0.03330698,3.661688e+189,4.172384e+189
18, coloured,no,3,54, 425.4030,390.8410,0.3035778,0.04131171,5.188027e+184,6.100040e+184
18, coloured,no,4,37, 401.3659,367.5750,0.3265175,0.05367915,1.842091e+174,2.273508e+174
18, coloured,no,5,25, 382.1616,392.0050,0.2423012,0.04846024,8.500097e+165,1.027837e+166
18, coloured,yes,3,53, 444.3084,428.5040,0.2523782,0.03466681,8.534615e+192,9.776917e+192
18, coloured,yes,4,40, 424.8013,389.2890,0.2872039,0.04541092,2.819790e+184,3.369193e+184
18, coloured,yes,5,23, 431.9840,383.6600,0.2841601,0.05925147,3.612698e+187,4.557255e+187
19, coloured,no,1,56, 470.5914,443.0795,0.2990863,0.03996709,2.193939e+204,2.566054e+204
19, coloured,no,2,52, 431.2433,393.8080,0.2950708,0.04091896,1.785561e+187,2.096218e+187
19, coloured,no,3,58, 429.2462,409.5620,0.2823380,0.03707279,2.441628e+186,2.823538e+186
19, coloured,no,4,37, 390.3281,381.4390,0.2791440,0.04589099,3.008017e+169,3.600864e+169
19, coloured,no,5,27, 406.2858,403.1080,0.2638061,0.05076950,2.537883e+176,3.096730e+176
19, coloured,yes,3,56, 476.5428,455.5605,0.2086879,0.02788709,8.633358e+206,9.630652e+206
19, coloured,yes,4,40, 416.2256,409.7550,0.2228321,0.03523284,5.426405e+180,6.230083e+180
19, coloured,yes,5,23, 435.0888,406.9800,0.2660896,0.05548352,8.117976e+188,1.009032e+189
20, coloured,no,1,53, 929.2511,871.3030,0.2412121,0.03313303,          Inf,          Inf
20, coloured,no,2,59, 884.5401,831.8590,0.2790784,0.03633291,          Inf,          Inf
20, coloured,no,3,59, 850.8879,805.5620,0.2685278,0.03495934,          Inf,          Inf
20, coloured,no,4,41, 829.8834,792.5700,0.2557501,0.03994146,          Inf,          Inf
20, coloured,no,5,26, 851.0458,836.0070,0.2984158,0.05852415,          Inf,          Inf
20, coloured,yes,3,55, 953.2878,883.9790,0.2649334,0.03572361,          Inf,          Inf
20, coloured,yes,4,42, 891.8425,865.1675,0.2623746,0.04048528,          Inf,          Inf
20, coloured,yes,5,26, 835.6710,799.3200,0.2404285,0.04715190,          Inf,          Inf
21, coloured,no,1,55, 916.8212,856.0420,0.2617184,0.03529010,          Inf,          Inf
21, coloured,no,2,56, 778.9525,750.9100,0.2226100,0.02974752,          Inf,          Inf
21, coloured,no,3,60, 849.4567,791.9890,0.2712383,0.03501671,          Inf,          Inf
21, coloured,no,4,37, 777.9233,725.0540,0.2670201,0.04389783,          Inf,          Inf
21, coloured,no,5,27, 804.7197,780.8920,0.2321780,0.04468269,          Inf,          Inf
21, coloured,yes,3,59, 903.3922,870.3470,0.2138520,0.02784116,          Inf,          Inf
21, coloured,yes,4,44, 854.9515,750.6145,0.3055691,0.04606628,          Inf,          Inf
21, coloured,yes,5,26, 860.3534,804.0480,0.3287542,0.06447401,          Inf,          Inf
22, coloured,no,1,54, 618.0790,566.9930,0.2786590,0.03792069,2.489066e+268,2.887978e+268
22, coloured,no,2,59, 565.9248,552.8060,0.2134115,0.02778381,5.680235e+245,6.333830e+245
22, coloured,no,3,59, 594.4068,558.4940,0.2608009,0.03395339,1.314331e+258,1.501441e+258
22, coloured,no,4,40, 544.1928,546.7320,0.2050475,0.03242086,2.052633e+236,2.330803e+236
22, coloured,no,5,26, 587.2862,554.1300,0.2144657,0.04206018,1.045563e+255,1.232977e+255
22, coloured,yes,3,54, 637.3299,599.2420,0.2387499,0.03248975,5.770402e+276,6.554171e+276
22, coloured,yes,4,42, 577.1815,540.4470,0.2513473,0.03878374,4.302767e+250,5.009271e+250
22, coloured,yes,5,24, 625.5486,498.8475,0.3997258,0.08159370,4.007394e+271,5.517851e+271
23, coloured,no,1,53, 553.5654,487.3710,0.3625747,0.04980347,2.333564e+240,2.836658e+240
23, coloured,no,2,56, 516.7014,462.4100,0.3583924,0.04789220,2.289716e+224,2.762580e+224
23, coloured,no,3,55, 517.3138,479.9510,0.3490967,0.04707218,4.231013e+224,5.088404e+224
23, coloured,no,4,36, 523.0259,469.2215,0.3921296,0.06535494,1.234918e+227,1.595514e+227
23, coloured,no,5,25, 566.2215,486.2770,0.4439290,0.08878580,6.781186e+245,9.604122e+245
23, coloured,yes,3,55, 657.6404,554.5600,0.3876339,0.05226854,3.673844e+285,4.509252e+285
23, coloured,yes,4,43, 572.2168,493.2880,0.4057554,0.06187712,2.870344e+248,3.658269e+248
23, coloured,yes,5,25, 536.2272,552.1390,0.3517292,0.07034584,6.616858e+232,8.717882e+232
24, coloured,no,1,57, 504.8324,481.4850,0.2540622,0.03365136,1.649264e+219,1.881826e+219
24, coloured,no,2,55, 503.5866,479.1540,0.3021030,0.04073556,4.679408e+218,5.489598e+218
24, coloured,no,3,59, 472.3035,446.4620,0.3202703,0.04169564,1.211478e+205,1.426591e+205
24, coloured,no,4,40, 480.0161,466.1350,0.2774840,0.04387407,2.697654e+208,3.203900e+208
24, coloured,no,5,26, 444.5292,465.7940,0.2763190,0.05419061,1.024387e+193,1.266835e+193
24, coloured,yes,3,56, 521.7047,479.3630,0.2739992,0.03661469,3.485748e+226,4.023742e+226
24, coloured,yes,4,42, 485.1717,463.2115,0.2603410,0.04017149,4.711758e+210,5.515340e+210
24, coloured,yes,5,25, 517.2756,475.6710,0.2232115,0.04464230,4.092190e+224,4.874795e+224
25, coloured,no,1,56, 518.2452,482.8255,0.2295411,0.03067373,1.109008e+225,1.250704e+225
25, coloured,no,2,54, 464.5024,444.3000,0.1817165,0.02472849,5.125768e+201,5.647517e+201
25, coloured,no,3,58, 471.4023,446.7795,0.2196129,0.02883659,5.044998e+204,5.648763e+204
25, coloured,no,4,39, 461.8129,462.8040,0.1922523,0.03078501,3.440413e+200,3.881683e+200
25, coloured,no,5,25, 499.8680,481.2190,0.2090604,0.04181207,1.133197e+217,1.335020e+217
25, coloured,yes,3,59, 553.3250,524.4990,0.2389198,0.03110471,1.903312e+240,2.150125e+240
25, coloured,yes,4,45, 460.6358,456.8360,0.1948403,0.02904508,1.063759e+200,1.192039e+200
25, coloured,yes,5,26, 474.5157,458.2650,0.2820451,0.05531359,1.077572e+206,1.338486e+206
26, coloured,no,1,60, 533.7607,516.6485,0.2024809,0.02614017,6.124469e+231,6.785321e+231
26, coloured,no,2,59, 485.1804,479.3860,0.1797239,0.02339807,4.912063e+210,5.383907e+210
26, coloured,no,3,58, 503.9238,478.6630,0.1984410,0.02605658,6.747732e+218,7.473386e+218
26, coloured,no,4,41, 483.7456,456.7070,0.2029991,0.03170313,1.150938e+210,1.303241e+210
26, coloured,no,5,27, 492.4729,481.7450,0.1992159,0.03833911,7.008470e+213,8.145037e+213
26, coloured,yes,3,59, 450.8880,440.2440,0.1531224,0.01993483,6.327268e+195,6.841541e+195
26, coloured,yes,4,43, 450.3460,444.6030,0.1881821,0.02869751,3.617138e+195,4.047815e+195
26, coloured,yes,5,26, 498.6764,482.5710,0.1973939,0.03871212,3.463111e+216,4.030614e+216
27, coloured,no,1,59, 730.7258,664.9410,0.3074788,0.04003034,          Inf,          Inf
27, coloured,no,2,59, 698.0850,662.0880,0.3096776,0.04031659,1.380893e+303,1.617321e+303
27, coloured,no,3,60, 725.8206,696.1315,0.2979611,0.03846661,          Inf,          Inf
27, coloured,no,4,39, 617.1681,569.9090,0.2617850,0.04191915,9.931341e+267,1.170503e+268
27, coloured,no,5,27, 639.0744,614.7690,0.2067494,0.03978895,3.255394e+277,3.804886e+277
27, coloured,yes,3,58, 787.3017,704.8885,0.3113232,0.04087874,          Inf,          Inf
27, coloured,yes,4,44, 647.3476,619.3535,0.2592172,0.03907846,1.277151e+281,1.488575e+281
27, coloured,yes,5,26, 670.0218,647.2165,0.3404784,0.06677331,8.510439e+290,1.105679e+291
28, coloured,no,1,57, 481.9309,474.5940,0.1616842,0.02141559,1.912896e+209,2.080415e+209
28, coloured,no,2,58, 483.4676,437.5485,0.2516058,0.03303746,8.693263e+209,9.895253e+209
28, coloured,no,3,57, 449.0620,433.7350,0.2165888,0.02868789,1.001645e+195,1.120864e+195
28, coloured,no,4,40, 454.9002,455.6830,0.2020935,0.03195379,3.415529e+197,3.871303e+197
28, coloured,no,5,26, 464.9882,448.6995,0.1758166,0.03448048,8.174711e+201,9.357787e+201
28, coloured,yes,3,60, 456.3524,435.1885,0.1939984,0.02504508,1.479217e+198,1.631810e+198
28, coloured,yes,4,45, 435.0609,417.3470,0.2353508,0.03508402,8.216538e+188,9.427946e+188
28, coloured,yes,5,25, 467.8707,473.7800,0.1980553,0.03961106,1.445288e+203,1.688067e+203
29, coloured,no,1,55, 508.4564,492.8270,0.2712592,0.03657658,6.147379e+220,7.095111e+220
29, coloured,no,2,57, 492.7370,479.1780,0.2278860,0.03018424,9.274156e+213,1.043905e+214
29, coloured,no,3,58, 499.6278,497.8155,0.2356701,0.03094500,9.104270e+216,1.027843e+217
29, coloured,no,4,39, 494.3377,472.4910,0.2449328,0.03922063,4.516156e+214,5.266711e+214
29, coloured,no,5,26, 479.3867,441.8670,0.2007923,0.03937861,1.450359e+208,1.692446e+208
29, coloured,yes,3,55, 542.1652,469.2480,0.3080934,0.04154330,2.654655e+235,3.124157e+235
29, coloured,yes,4,43, 508.7630,473.4160,0.2514984,0.03835315,8.324091e+220,9.674545e+220
29, coloured,yes,5,26, 565.3452,519.0600,0.2930494,0.05747171,3.001648e+245,3.760119e+245
30, coloured,no,1,59, 512.6549,473.2260,0.2567876,0.03343090,4.118545e+222,4.695240e+222
30, coloured,no,2,51, 493.3236,464.4050,0.2520623,0.03529578,1.650731e+214,1.895680e+214
30, coloured,no,3,58, 516.5461,488.5930,0.2821578,0.03704914,2.002629e+224,2.315657e+224
30, coloured,no,4,39, 496.2393,473.4460,0.2855769,0.04572889,2.985925e+215,3.572148e+215
30, coloured,no,5,26, 485.2537,442.6910,0.2796776,0.05484930,4.969686e+210,6.161781e+210
30, coloured,yes,3,60, 457.2385,435.5400,0.1730837,0.02234501,3.606924e+198,3.937113e+198
30, coloured,yes,4,43, 456.8663,444.4580,0.2313040,0.03527354,2.423811e+198,2.783233e+198
30, coloured,yes,5,26, 451.9278,451.5110,0.1670705,0.03276521,1.745271e+196,1.984465e+196
